MjA4NDQ3OQ==
31 30 36 39 38
`dac_e`
MTUyODkyNQ==
31 35 32 37 33 38 39
`_fahe`
MjA4NjI3MQ==
32 30 34 38
a_eb_`g
MzM3MDIz
33 31 37 37 36 36
a_ff_gc
MTA3NTY3Mw==
35 36 39 33
a_gebfc
MTA2NTExOA==
31 35 32 39 36 38 38
`dafgea
MTUzMDg1Mg==
31 30 37 31 35 34 30
a_gghdc



This is a QR code image
1 = Black pixel
0 = White pixel

111111100111001111111
100000101001101000001
101110100000101011101
101110101010001011101
101110100111001011101
100000101111101000001
111111101010101111111
000000000100000000000
111110111101010101010
001010010010001111111
001001101100101000110
111111011000110011100
100000110100111011001
000000001011000111101
111111101010111100110
100000100000010011110
101110101011101011000
101110101000000110110
101110101101111100100
100000101100110110100
111111101111111111010
